data_x.min: 1.08889310987
data_x.max: 1.49235793122
data_y.min: 0.49270524288
data_y.max: 0.97702863819
data_z.min: 0.392646987198
data_z.max: 0.557295061301